1,10.00347
2,9.94895
3,9.99462
4,9.97178
5,9.99462
6,9.97178
7,9.97178
8,9.97178
9,9.97178
10,9.97178
11,9.99462
12,9.97178
13,9.97178
14,9.97178
15,9.92611
16,9.92611
17,9.92611
18,9.92611
19,9.92611
20,9.92611
21,9.92611
22,9.92611
23,9.92611
24,9.92611
25,9.92611
26,9.92611
27,9.92611
28,9.92611
29,9.92611
30,9.92611
31,9.92611
32,9.92611
33,9.92611
34,9.92611
35,9.92611
36,9.92611
37,9.92611
38,9.92611
39,9.90328
40,9.90328
41,9.90328
42,9.90328
43,9.90328
44,9.97178
45,9.94895
46,9.94895
47,9.94895
48,9.92197
49,9.96766
50,9.96766
51,9.96766
52,9.94481
53,9.96766
54,9.96766
55,9.96766
56,9.94481
57,9.94481
58,9.94481
59,9.94481
60,9.94481
61,9.94481
62,9.94481
63,9.94481
64,9.94481
65,9.94481
66,9.94481
67,9.94481
68,9.94481
69,9.94481
70,9.94481
71,9.94481
72,9.94481
73,9.94481
74,9.94481
75,9.94481
76,9.94481
77,9.94481
78,9.94481
79,9.94481
80,9.94481
81,9.94481
82,9.98472
83,9.98472
84,9.98472
85,9.98472
86,9.98472
87,9.98472
88,9.98472
89,9.98472
90,9.96003
91,9.94282
92,9.96567
93,9.96567
94,9.96567
95,9.96567
96,9.96567
97,9.96567
98,9.96567
99,9.96567
100,9.96567
101,9.96567
102,9.96567
103,9.96567
104,9.96567
105,9.96567
106,9.96567
107,9.96567
108,9.96567
109,9.96567
110,9.96567
111,9.96567
112,9.96567
113,9.96567
114,9.96567
115,9.96567
116,9.96567
117,9.96766
118,9.96766
119,9.96766
120,9.96766
121,9.96766
122,9.96766
123,9.94481
124,9.94481
125,9.94481
126,9.94481
127,9.94481
128,9.94481
129,9.94481
130,9.94481
131,9.92197
132,9.89912
133,9.89912
134,9.94481
135,9.94481
136,9.94481
137,10.03619
138,9.96567
139,9.96567
140,9.96567
141,9.96567
142,9.96567
143,9.96567
144,9.96766
145,9.96766
146,9.94481
147,9.94481
148,9.78093
149,-1.00000
150,-1.00000
151,8.84177
152,8.84177
153,-1.00000
154,8.88757
155,8.88757
156,8.88757
157,8.88757
158,8.92063
159,8.89775
160,8.89775
161,8.89775
162,8.89775
163,8.89775
164,8.87488
165,8.92063
166,8.89775
167,8.89775
168,8.89775
169,8.89612
170,8.89612
171,8.89612
172,8.89612
173,8.89612
174,8.89612
175,8.89612
176,8.89612
177,8.89612
178,8.89612
179,8.89612
180,8.89612
181,8.89612
182,8.89612
183,8.89612
184,8.89612
185,8.89612
186,8.89612
187,8.89612
188,8.89612
189,8.89612
190,8.89612
191,8.95859
192,8.95650
193,8.95650
194,8.95859
195,8.95859
196,8.95859
197,8.93366
198,8.93366
199,8.93366
200,8.93366
201,8.93366
202,8.93366
203,8.92586
204,8.92406
205,8.92406
206,8.92406
207,8.92406
208,8.92406
209,8.92406
210,8.92406
211,8.90119
212,8.90119
213,8.90119
214,8.90119
215,8.90119
216,8.90119
217,8.90119
218,8.90119
219,8.90119
220,8.90119
221,8.90119
222,8.90119
223,8.90119
224,8.90119
225,8.90119
226,8.90119
227,8.90119
228,8.90119
229,8.90119
230,8.90119
231,8.90119
232,8.90119
233,8.90119
234,8.90119
235,8.90119
236,8.90119
237,8.90119
238,8.90119
239,-1.00000
240,8.90119
241,8.90119
242,8.90119
243,-1.00000
244,8.34891
245,-1.00000
246,7.90174
247,7.85733
248,7.85733
249,7.85222
250,7.85222
251,7.85222
252,7.85222
253,7.85222
254,7.85222
255,7.85222
256,7.84655
257,7.84655
258,7.84655
259,7.85006
260,7.85006
261,7.85006
262,7.85006
263,7.85006
264,7.85006
265,7.85006
266,7.85006
267,7.85006
268,7.85006
269,7.85006
270,7.85006
271,7.85006
272,7.85006
273,7.85006
274,7.85006
275,7.85006
276,7.85006
277,7.85006
278,7.85006
279,7.85006
280,7.85006
281,7.85006
282,7.85006
283,7.85006
284,7.85006
285,7.85006
286,7.85006
287,7.85006
288,7.85006
289,7.85006
290,7.85006
291,7.87297
292,7.87108
293,7.86812
294,7.84817
295,7.84908
296,7.84908
297,7.84908
298,7.84908
299,7.84908
300,7.84908
301,7.84908
302,7.84908
303,7.84908
304,7.84908
305,7.84908
306,7.84908
307,7.84908
308,7.84908
309,7.85006
310,7.87297
311,7.91397
312,7.84519
313,7.86591
314,7.88915
315,7.88952
316,7.88952
317,7.88952
318,7.88952
319,7.88952
320,7.88952
321,7.88952
322,7.86754
323,7.86812
324,7.86812
325,7.86812
326,7.86812
327,7.86812
328,7.86812
329,7.86812
330,7.86812
331,7.86812
332,7.86812
333,7.86812
334,7.86812
335,7.86812
336,7.86812
337,7.86812
338,7.86812
339,7.86812
340,7.84519
341,7.84519
342,7.86812
343,7.86812
344,7.86812
345,7.86812
346,7.86812
347,7.86812
348,7.86812
349,7.86812
350,7.86812
351,7.86812
352,7.72985
353,7.59610
354,7.31656
355,7.19216
356,6.95667
357,6.79522
358,6.70062
359,6.65395
360,6.65395
361,6.65395
362,6.65395
363,6.65395
364,6.65395
365,-1.00000
366,6.65395
367,6.63104
368,6.63104
369,6.63104
370,6.63104
371,6.63104
372,6.63104
373,6.63104
374,6.63104
375,6.63104
376,6.63104
377,6.63104
378,6.63104
379,6.63104
380,6.63104
381,6.70252
382,6.70252
383,6.72543
384,6.72543
385,6.74834
386,6.77231
387,6.72543
388,6.77231
389,6.77231
390,6.74940
391,6.74940
392,6.74940
393,6.74940
394,6.72650
395,6.77231
396,6.74940
397,6.74940
398,6.72650
399,6.72650
400,6.72650
401,6.72650
402,6.72650
403,6.72650
404,6.72650
405,6.72650
406,6.72650
407,6.72543
408,6.72543
409,6.72543
410,6.72543
411,6.72543
412,6.72543
413,6.72543
414,6.72543
415,6.72543
416,6.79416
417,6.74834
418,6.74834
419,6.74834
420,6.74834
421,6.74834
422,6.81707
423,6.74834
424,6.72445
425,6.83998
426,6.79416
427,6.77125
428,6.77125
429,6.77125
430,6.77125
431,6.77125
432,6.72543
433,6.79319
434,6.79319
435,6.77027
436,6.77027
437,6.77027
438,6.77027
439,6.77027
440,6.77027
441,6.77027
442,-1.00000
443,6.77027
444,6.77027
445,6.77027
446,6.77027
447,6.77125
448,6.77125
449,6.77125
450,6.77125
451,6.77125
452,6.77125
453,6.77125
454,6.74834
455,6.74834
456,6.74834
