1,11.09886
2,11.09886
3,11.09886
4,11.09886
5,11.09886
6,11.09886
7,11.07593
8,11.03006
9,11.05300
10,11.07593
11,11.09886
12,11.09886
13,11.09886
14,11.09886
15,11.09886
16,11.09886
17,11.08858
18,11.08858
19,11.08858
20,11.11041
21,11.11041
22,11.11041
23,11.11041
24,11.11041
25,11.11041
26,11.11041
27,11.11041
28,11.11041
29,11.11041
30,11.11041
31,11.08750
32,11.08750
33,11.08750
34,11.08750
35,11.08750
36,11.08750
37,11.08750
38,11.08750
39,11.08750
40,11.08750
41,11.08750
42,11.08750
43,11.08750
44,11.08750
45,11.08750
46,11.08750
47,11.08750
48,11.08750
49,11.08750
50,11.08750
51,11.08750
52,11.08750
53,11.08750
54,11.08750
55,11.08750
56,11.08750
57,11.08750
58,11.10231
59,11.12524
60,11.12469
61,11.12469
62,11.12469
63,11.12469
64,11.12469
65,11.12469
66,11.17004
67,11.14666
68,11.14666
69,11.14666
70,11.14666
71,11.14666
72,11.16959
73,11.14712
74,11.14712
75,11.10231
76,11.10231
77,11.16959
78,11.16959
79,11.16959
80,11.16959
81,11.16959
82,11.16919
83,11.16919
84,11.16919
85,11.16919
86,11.16919
87,11.16919
88,11.16919
89,11.16919
90,11.16919
91,11.16919
92,11.14626
93,11.13667
94,11.12869
95,11.05915
96,11.05840
97,11.08132
98,11.08132
99,11.08132
100,11.08132
101,11.08132
102,11.08132
103,11.08132
104,11.08132
105,11.05840
106,10.83251
107,10.74086
108,10.71795
109,10.69701
110,10.47385
111,10.38502
112,10.16074
113,10.06105
114,9.89912
115,9.76021
116,9.98921
117,9.87596
118,9.87596
119,9.87596
120,9.87596
121,9.87596
122,9.87596
123,9.87596
124,9.87596
125,9.87596
126,9.87596
127,9.87596
128,9.87596
129,9.87596
130,9.87596
131,9.87596
132,9.87596
133,9.87596
134,9.87596
135,9.87596
136,9.87596
137,9.87596
138,9.87596
139,9.87596
140,9.87596
141,9.87596
142,9.87596
143,9.87596
144,9.87596
145,9.87596
146,9.83017
147,9.91615
148,9.91615
149,9.91615
150,9.91615
151,9.91615
152,9.91615
153,9.91615
154,9.91615
155,9.96186
156,9.96186
157,9.96186
158,9.96186
159,9.96186
160,9.96186
161,10.00758
162,10.00758
163,10.00758
164,10.00758
165,10.00758
166,10.00758
167,10.00758
168,10.00758
169,10.03043
170,10.03043
171,10.03043
172,10.03043
173,10.03043
174,10.03043
175,10.03043
176,10.03043
177,10.03043
178,10.03043
179,10.03043
180,10.03043
181,10.03043
182,10.03043
183,10.03043
184,10.03043
185,10.03043
186,10.03043
187,10.03043
188,10.03043
189,10.03043
190,10.03043
191,10.00758
192,10.00758
193,10.00758
194,10.00758
195,10.00758
196,10.00758
197,10.00758
198,10.00758
199,10.00758
200,10.00758
201,10.00758
202,10.00758
203,10.00758
204,10.00758
205,10.00758
206,9.84393
207,9.77534
208,9.65753
209,9.51541
210,9.46965
211,9.04786
212,8.91447
213,8.80303
214,8.73439
215,8.73439
216,8.73439
217,8.73439
218,8.73439
219,8.73439
220,8.73439
221,8.73439
222,8.73439
223,8.73439
224,8.73439
225,8.73439
226,8.73439
227,8.73439
228,8.73439
229,8.73439
230,8.73439
231,8.73439
232,8.73439
233,8.73439
234,8.73439
235,8.73439
236,8.73439
237,8.73439
238,8.73439
239,8.73439
240,8.73439
241,8.73439
242,8.73439
243,8.73439
244,8.73439
245,8.73439
246,8.73439
247,8.73439
248,8.73439
249,8.73439
250,8.73439
251,8.73439
252,8.73439
253,8.73439
254,8.73439
255,8.73439
256,8.73439
257,8.73439
258,8.73439
259,8.73439
260,8.73439
261,8.73439
262,8.73439
263,8.73439
264,8.73439
265,8.73439
266,8.73439
267,8.73439
268,8.73439
269,8.73439
270,8.73439
271,8.73439
272,8.73439
273,8.73439
274,8.73439
275,8.73439
276,8.73439
277,8.73439
278,8.73439
279,8.73439
280,8.73439
281,8.73439
282,8.73439
283,8.73439
284,8.73439
285,8.73439
286,8.77861
287,8.77714
288,8.82292
289,8.82292
290,8.82292
291,8.89158
292,8.91592
293,8.93880
294,8.94031
295,8.98607
296,8.91592
297,8.87015
298,9.00746
299,8.82292
300,8.89158
301,8.89303
302,8.89303
303,8.89303
304,8.82292
305,8.80095
306,8.59554
307,8.47483
308,8.27525
309,8.07104
310,7.91096
311,7.82129
312,7.86187
313,7.78557
314,7.78557
315,7.81060
316,7.81060
317,7.81060
318,7.81060
319,7.81060
320,7.81060
321,7.81060
322,7.81060
323,7.81060
324,7.81060
325,7.81060
326,7.81060
327,7.78557
328,7.78557
329,7.78557
330,7.78557
331,7.78557
332,7.78557
333,7.78557
334,7.81777
335,7.81777
336,7.81777
337,7.84064
338,7.84064
339,7.90762
340,7.81612
341,8.00075
342,8.00075
343,8.01756
344,8.01756
345,8.01756
346,8.01756
347,8.01756
348,8.01756
349,8.01756
350,8.01756
351,8.01756
352,8.01756
353,8.01756
354,8.01756
355,8.01756
356,8.01756
357,8.01756
358,8.01756
359,8.01756
360,8.01756
361,8.01756
362,8.01756
363,8.01756
364,8.01756
365,8.01756
366,8.01756
367,8.01756
368,7.65396
369,8.09224
370,8.02201
371,8.02201
372,8.02201
373,8.02201
374,8.02201
375,8.02201
376,8.02201
377,8.02201
378,7.99913
379,8.02201
380,8.02201
381,8.02201
382,7.99913
383,8.09064
384,8.02201
385,8.02201
386,8.02201
387,8.02201
388,8.02201
389,8.02201
390,8.02201
391,8.02201
392,8.02201
393,8.02201
394,8.02201
395,8.02201
396,8.02201
397,8.02201
398,8.02201
399,8.02201
400,8.02201
401,7.99913
402,7.99913
403,7.99913
404,7.90762
405,7.57376
406,7.55091
407,7.22708
408,7.13569
409,7.02147
410,6.83671
411,6.81188
412,6.81188
413,6.76244
414,6.78530
415,6.78530
416,6.78530
417,6.80816
418,6.80816
419,6.80816
420,6.80816
421,6.80816
422,6.80816
423,6.80816
424,6.80816
425,6.80816
426,6.80816
427,6.80816
428,6.80816
429,6.80816
430,6.80816
431,6.80816
432,6.80816
433,6.80816
434,6.80816
435,6.80816
436,6.80816
437,6.80816
438,6.78530
439,6.78530
440,6.78530
441,6.78530
442,6.78530
443,6.80816
444,6.80816
445,6.80816
446,6.80816
447,6.80816
448,6.78530
449,6.78530
450,6.78530
451,6.78530
452,6.78530
453,6.78530
454,6.78530
455,6.78530
456,6.78530
457,6.78530
458,6.78530
459,6.78530
460,6.78530
461,6.78530
462,6.82928
463,6.78355
464,6.78355
465,6.78355
466,6.78355
467,6.78355
468,6.78355
469,6.78355
470,6.75900
471,6.75900
472,6.75900
473,6.75900
474,6.75900
475,6.75900
476,6.75900
477,6.80475
478,6.80475
479,6.80475
480,6.80475
481,6.80475
482,6.80475
483,6.80475
484,6.78187
485,6.78187
486,-1.00000
487,6.78187
488,6.78187
489,6.78187
490,6.78187
491,6.78187
492,6.78187
493,6.78187
494,6.78187
495,6.78187
496,6.78187
497,6.78187
498,6.78187
499,6.78187
500,6.78187
501,6.78187
502,6.78187
503,6.78187
504,6.78187
505,6.78187
506,6.78187
507,6.78187
508,6.78187
509,6.78187
510,6.78187
511,6.78187
512,6.78187
513,6.78187
514,6.78187
515,6.78187
516,6.78187
517,6.78187
518,6.78187
519,6.78187
520,6.78187
521,6.78187
522,6.85050
523,6.73612
524,6.73612
525,6.82762
526,6.82762
527,6.82762
528,6.82762
529,6.82762
530,6.80475
531,6.80475
532,6.80475
533,6.80475
534,6.80475
535,6.78187
536,6.82762
537,6.80475
538,6.80475
539,6.80475
540,6.80475
541,6.80475
542,6.80475
543,6.80475
544,6.80475
545,6.80475
546,6.75900
547,6.64463
548,-1.00000
549,6.95944
550,6.62527
551,6.05602
552,6.05602
553,5.91691
554,5.92621
555,6.08782
556,6.08782
557,6.08782
558,6.43256
559,6.43256
560,6.45286
561,6.10169
562,6.09585
563,6.09585
564,6.09585
565,6.04833
566,6.04833
567,6.04833
568,6.04833
569,6.04833
570,6.04833
571,6.04833
572,6.02547
573,6.02547
574,5.99626
575,5.99626
576,5.99626
577,5.99626
578,5.99626
579,5.99626
580,5.99626
581,5.99626
582,5.99626
583,5.99626
584,5.99626
585,5.99626
586,5.99626
587,5.99626
588,5.99626
589,5.99626
590,5.99626
591,5.99626
592,5.99626
593,5.99626
594,5.99626
595,5.99626
596,5.99626
597,5.99626
598,5.99626
599,5.99626
600,5.99626
601,5.99626
602,5.99626
603,5.99626
604,5.99626
605,5.99626
606,5.99626
607,5.99626
608,5.99626
609,5.99626
610,5.99626
611,5.99626
612,5.99626
613,5.99626
614,5.99626
615,5.99626
616,5.99626
617,5.99626
618,5.99626
619,5.99626
620,5.99626
621,5.99626
622,5.99626
623,5.99626
624,5.99626
625,5.99626
626,5.99626
627,5.99626
628,5.99626
629,5.99626
630,5.99626
631,5.99626
632,5.99626
633,5.99626
634,5.99626
635,5.99771
636,6.00260
637,6.00260
638,6.00260
639,6.00260
640,6.00260
641,6.00260
642,6.00260
643,6.00260
644,6.00260
645,6.00260
646,6.02547
647,6.02547
648,6.00260
649,6.00260
650,6.00260
651,6.00260
652,6.00260
653,6.00260
654,6.00260
655,6.00260
656,6.00260
657,6.00260
658,6.00260
659,6.00260
660,6.00260
661,6.00260
662,6.00260
663,6.04833
664,6.04833
665,6.02547
666,6.00260
667,6.11071
668,5.71817
669,5.47498
670,5.46840
671,5.32592
672,5.28011
673,5.32487
674,5.37069
675,5.37069
676,5.39360
677,5.37069
678,5.37069
679,5.34778
680,5.34778
681,5.34778
682,5.34778
683,5.34778
684,5.34778
685,5.30301
686,5.30676
687,5.30676
688,5.28387
689,5.28387
690,5.33263
691,5.31140
692,5.31140
693,5.31140
694,5.31140
695,5.28853
696,5.28853
697,5.28853
698,5.21825
699,5.37686
700,5.55995
701,5.55995
702,5.29028
703,5.29028
704,5.22170
705,5.22170
706,5.22170
707,5.29028
708,5.33427
709,5.33427
710,5.33600
711,5.33600
712,5.33600
713,5.33600
714,5.33600
715,5.33600
716,5.33600
717,5.26742
718,5.24279
719,5.24279
720,5.21992
721,5.21992
722,5.24456
723,5.24456
724,5.31314
725,5.38546
726,5.36069
727,5.33784
728,5.29213
729,5.29213
730,5.29213
731,5.24456
732,5.33600
733,5.33600
734,5.33600
735,5.33600
736,5.33600
737,5.33427
738,5.31314
739,5.31314
740,5.31314
741,5.31314
742,5.31314
743,5.31314
744,5.31314
745,5.31314
746,5.31314
747,5.31314
748,5.29028
749,5.29028
750,5.31314
751,5.31314
752,5.28853
753,5.28853
754,5.26566
755,5.29408
756,5.29408
757,5.29408
758,5.29408
759,5.29408
760,5.29408
761,5.29408
762,5.29408
763,5.36464
764,5.34180
765,5.34180
766,5.34180
767,5.34180
768,5.31896
769,5.20270
770,5.20270
771,5.20270
772,5.20270
773,5.22357
774,5.22170
775,5.28853
776,5.28853
777,5.28853
778,5.29028
779,5.29028
780,5.29028
781,5.31314
782,5.40460
783,5.40460
784,5.40460
785,5.40460
786,5.38173
787,5.38173
788,5.38173
789,5.38173
790,5.38173
791,5.38173
792,5.38173
793,5.38173
794,5.38173
795,5.38173
796,5.38173
797,5.38173
798,5.38173
799,5.38173
800,5.17419
801,4.76086
802,4.57149
803,4.38838
804,4.27122
805,4.27122
806,4.27122
807,4.24832
808,4.24832
809,4.24832
810,4.24832
811,4.24832
812,4.24832
813,4.24832
814,4.24832
815,4.24832
816,4.24832
817,4.24832
818,4.24832
819,4.24832
820,4.24832
821,4.24832
822,4.24832
823,4.24832
824,4.24832
825,4.24832
826,4.24832
827,4.24832
828,4.24832
829,4.24832
830,4.24832
831,4.24832
832,4.24832
833,4.24832
834,4.24832
835,4.24832
836,4.24832
837,4.24832
838,4.24832
839,4.24832
840,4.24832
841,4.24832
842,4.24832
843,4.24832
844,4.24832
845,4.24832
846,4.24832
847,4.24832
848,4.24832
849,4.24832
850,4.24832
851,4.24832
852,4.26552
853,4.24259
854,4.19613
855,4.19641
856,4.19641
857,4.24207
858,4.24207
859,4.24207
860,4.24207
861,4.24207
862,4.24207
863,4.24207
864,4.24207
865,4.24207
866,4.24207
867,4.24207
868,4.24207
869,4.24207
870,4.24207
871,4.24207
872,4.24207
873,4.24207
874,4.19621
875,4.28794
876,4.21914
877,4.21914
878,4.21914
879,4.21914
880,4.21914
881,4.21914
882,4.21914
883,4.21914
884,4.21914
885,4.21914
886,4.21914
887,4.36062
888,4.36062
889,4.35537
890,4.29771
891,4.29771
892,4.26951
893,4.26698
894,4.19859
895,4.24418
896,4.24418
897,4.22138
898,4.22138
899,4.24673
900,4.26951
901,4.26951
902,4.35818
903,4.27252
904,4.29542
905,3.71489
906,3.57560
907,3.29257
908,3.25096
909,3.24863
910,3.27624
911,3.27887
912,3.27887
913,3.27887
914,3.26413
915,3.26413
916,3.21838
917,3.37568
918,3.35278
919,3.38197
920,3.37090
921,3.32479
922,3.32479
923,3.32479
924,3.32479
925,3.32479
926,3.32479
927,3.32479
928,3.32479
929,3.32479
930,3.32479
931,3.32479
932,3.32479
933,3.32479
934,3.32479
935,3.32479
936,3.32479
937,3.32479
938,3.32479
939,3.32479
940,3.32479
941,3.32479
942,3.32479
943,3.32479
944,3.32479
945,3.32479
946,3.32479
947,3.32479
948,3.32479
949,3.32479
950,3.32479
951,3.32479
952,3.32479
953,3.32479
954,3.32479
955,3.32479
956,3.32479
957,3.32479
958,3.32479
959,3.32479
960,3.32479
961,3.32479
962,3.32479
963,3.32479
964,3.32479
965,3.32479
966,3.32479
967,3.32479
968,3.32479
969,3.32479
970,3.32479
971,3.32479
972,3.27892
973,3.27892
974,3.27892
975,3.27892
976,3.27892
977,3.27892
978,3.27892
979,3.27892
980,3.27892
981,3.27892
982,3.27892
983,3.27892
984,3.27892
985,3.27892
986,3.27892
987,3.27892
988,3.27892
989,3.27892
990,3.27892
991,3.27892
992,3.27892
993,3.27892
994,3.27892
995,3.27892
996,3.23306
997,3.23306
998,3.23306
999,3.23306
1000,3.25599
1001,3.25599
1002,3.25599
1003,3.25599
1004,3.25599
1005,3.21003
1006,3.09537
1007,2.73095
1008,2.45506
1009,2.25654
1010,2.23168
1011,2.22833
1012,2.22492
1013,2.22492
1014,2.22492
1015,2.20114
1016,2.20152
1017,2.20152
1018,2.20152
1019,2.20152
1020,2.20152
1021,2.20152
1022,2.20152
1023,2.20152
1024,2.20152
1025,2.20152
1026,2.20152
1027,2.20152
1028,2.20152
1029,2.20152
1030,2.20152
1031,2.20152
1032,2.20152
1033,2.20152
1034,2.20152
1035,2.20152
1036,2.20152
1037,2.20152
1038,2.20152
1039,2.20152
1040,2.18598
1041,2.18598
1042,2.18598
1043,2.16313
1044,2.16313
1045,2.16313
1046,2.16313
1047,2.16313
1048,2.16313
1049,2.16313
1050,2.16313
1051,2.16313
1052,2.16313
1053,2.16313
1054,2.16313
1055,2.16313
1056,2.16313
1057,2.16313
1058,2.16313
1059,2.16313
1060,2.16313
1061,2.16313
1062,2.16313
1063,2.16313
1064,2.16313
1065,2.16313
1066,2.16313
1067,2.16313
1068,2.16313
1069,2.16313
1070,2.16313
1071,2.16313
1072,2.16313
1073,2.16313
1074,2.16313
1075,2.16313
1076,2.16313
1077,2.16313
1078,2.16313
1079,2.16313
1080,2.16313
1081,2.16313
1082,2.16313
1083,2.16313
1084,2.16313
1085,2.16313
1086,2.16313
1087,2.16313
1088,2.16313
1089,2.16313
1090,2.16313
1091,2.16313
1092,2.16313
1093,2.16313
1094,2.16313
1095,2.16313
1096,2.16313
1097,2.16313
1098,2.14028
1099,2.14028
1100,2.14028
1101,2.14028
1102,2.14028
1103,2.14028
1104,2.14028
1105,2.14028
1106,2.14028
1107,2.14028
1108,2.11743
1109,2.11743
1110,2.11743
1111,2.11743
1112,2.11743
1113,2.11743
1114,2.11743
1115,1.91192
1116,1.87994
1117,1.44436
1118,1.30687
1119,1.22831
1120,1.16921
1121,1.16984
1122,1.16984
1123,1.16984
1124,1.16984
1125,1.16984
1126,1.16984
1127,1.16984
1128,1.16984
1129,1.16984
1130,1.17091
1131,1.17091
1132,1.17091
1133,1.17091
1134,1.17091
1135,1.17091
1136,1.14628
1137,1.14628
1138,1.14628
1139,1.14628
1140,1.14628
1141,1.14628
1142,1.14628
1143,1.14628
1144,1.14628
1145,1.14628
1146,1.14628
1147,1.14628
1148,1.14628
1149,1.14628
1150,1.14628
1151,1.14628
1152,1.14628
1153,1.14628
1154,1.14628
1155,1.14628
1156,1.14628
1157,1.14628
1158,1.14628
1159,1.14628
1160,1.14628
1161,1.14628
1162,1.14628
1163,1.14628
1164,1.14628
1165,1.14628
1166,1.14628
1167,1.14628
1168,1.14628
1169,1.14628
1170,1.14628
1171,1.14628
1172,1.14628
1173,1.14628
1174,1.14628
1175,1.14628
1176,1.14628
1177,1.14628
1178,1.14628
1179,1.14628
1180,1.14628
1181,1.14628
1182,1.14628
1183,1.14628
1184,1.14628
1185,1.14628
1186,1.14628
1187,1.14628
1188,1.14628
1189,1.14628
1190,1.14628
1191,1.14628
1192,1.14628
1193,1.14628
1194,1.14628
1195,1.14628
1196,1.14628
1197,1.14628
1198,1.14628
1199,1.14628
1200,1.14628
1201,1.14628
1202,1.14628
1203,1.14628
1204,1.14628
1205,1.14628
1206,1.14628
1207,1.14628
1208,1.14628
1209,1.14628
